sample_id	total_contig_len	average_contig_len	longest_contig_len	contig_N50_len	contig_N90_len
HSM7J4LF	34983224	371	22563	1048	101
HSM67VFJ	64895587	337	34348	996	101
HSM7CYZB	41774148	287	21756	973	101
CSM79HI3	79038600	380	41402	894	122
HSM5MD79	54458392	296	28246	854	101
CSM5MCWE	60467205	362	22087	799	111
CSM79HI7	69754758	384	39900	781	132
HSM7CYY3	60479775	330	19180	762	101
CSM67UBN	56544873	326	37700	758	101
CSM79HO1	90189708	307	26959	737	101
PSM7J17F	9820644	254	25311	672	101
CSM7KOJE	76865823	339	16667	659	116
CSM7KOJO	73596632	340	43222	659	111
CSM79HNO	37817581	332	33526	582	113
CSM79HIB	79727901	319	34988	582	104
PSM7J1BF	107127779	295	20414	580	101
CSM79HJW	57057024	304	41034	565	101
HSM6XRQY	53638494	284	21210	556	101
HSM7J4QL	74922813	281	33400	554	101
CSM5MCWG	23772947	357	13361	549	143
HSMA33IG	88441409	283	26750	543	101
CSM5MCVN	61805986	299	37997	538	101
HSM67VF3	58873063	273	35935	533	101
HSM7CYYP	39202535	270	29855	531	101
HSMA33R1	97085997	297	34754	529	101
CSM67UBR	45714523	302	18400	527	102
HSM6XRQW	54799130	287	28452	526	101
CSM67UAG	65101692	290	19431	515	101
MSM9VZNZ	102565129	296	20971	514	101
HSM6XRQS	60494370	275	23910	513	101
HSM67VHK	26443970	284	16716	512	101
CSM67UEM	81370533	284	18358	509	101
CSM7KOKD	92699387	274	24461	507	101
CSM67UBH	80369389	295	30723	506	101
PSM6XBVO	79092058	275	28772	505	101
CSM7KOJG	93224023	299	70700	503	101
HSM67VFH	48870604	300	16453	497	102
HSM7CYYH	81156800	281	39691	497	101
CSM5MCWC	57983842	285	50357	495	101
HSM6XRQK	81142616	274	33664	490	101
PSM7J1BD	100873409	276	20944	483	101
HSM7CYY7	113995202	279	32718	475	101
HSM7J4ON	61291143	255	36820	472	101
CSM79HNW	31116584	271	20403	471	101
MSM9VZMA	107764832	274	26656	468	101
HSM7CZ14	41455673	273	33707	467	101
PSM7J13Y	107942388	296	28364	466	101
PSMA263S	59404184	284	27270	464	101
PSM7J12B	83030224	275	18958	464	101
MSM9VZNX	104677454	279	39526	463	101
PSMA263M	76900786	286	14918	461	101
CSM79HJY	62483673	278	21961	461	101
HSM7J4OZ	84266650	279	21324	458	101
CSM7KOPU	84790638	271	20200	454	101
MSM6J2QP	114912541	270	32034	452	101
PSM7J16F	80342101	273	24642	451	101
CSM7KOSL	29634367	268	16421	444	101
PSM7J141	91507860	280	25482	442	101
MSM9VZMA_TR	92740740	258	24153	435	101
HSM7J4MW	97037475	273	33326	433	101
CSM67UBF	54764534	276	15795	432	101
HSM7J4PU	68745791	268	21858	431	101
PSM7J1CU	96110226	277	20415	431	101
ESM5MEC9	64501327	262	26993	429	101
PSM7J169	83064046	273	20805	429	101
HSM7J4QF	83176815	268	24152	428	101
HSM7CYZT	35014063	265	45541	428	101
HSM7J4L5	60955104	260	22667	426	101
PSM7J1AU	68669710	262	20065	426	101
HSM6XRQM	98936785	281	39621	425	101
CSM67UEI	141811705	270	33228	423	101
MSM9VZEU	103426932	275	46252	422	101
MSM6J2ON	47513935	240	24425	422	101
HSM7CYXI	39473312	262	21446	414	101
PSMA263U	56390855	276	19172	413	101
HSM6XRQB	122824595	264	25657	413	101
PSM6XBVM	91914429	259	29827	412	101
HSM67VFD	12037855	260	11090	411	101
HSMA33S4	99376326	264	26941	411	101
HSMA33KO	92128196	262	22362	410	101
MSM6J2HT	106752749	251	28986	409	101
MSM9VZEY	134919048	266	38178	409	101
PSM7J18Q	93549475	268	28305	408	101
HSMA33LZ	96312105	268	24795	407	101
HSM7CYZ5	53512739	265	19976	406	101
MSM9VZHX	105487621	258	28729	405	101
MSM6J2LL	134505752	274	31369	403	101
HSM7CYZD	39096358	252	20608	402	101
HSM7J4Q1	135795086	268	22386	401	101
PSM7J1B7	90413350	268	20261	401	101
PSM6XBVI	102803847	256	27215	401	101
CSM7KOPS	113114186	265	27105	399	101
HSM7J4Q9	122617925	266	29783	398	101
PSM7J1AQ	81521893	254	16290	398	101
CSM79HNU	29613121	257	10896	398	101
HSM6XRQU	76824166	261	37576	397	101
PSM7J127	79802473	254	17035	395	101
CSM7KORS	95334537	261	30909	395	101
HSM5MD62	109057040	261	25133	394	101
MSM6J2PK	132194653	260	28305	392	101
MSM5LLER	131517197	258	29631	389	101
MSM6J2HD	43162884	237	28223	386	101
ESM7F5CB	110321331	252	20099	382	101
HSM7CYXE	59981786	252	19312	381	101
MSMB4LXY	190642995	264	24659	381	101
MSM6J2LN	132644171	259	30557	381	101
PSMA2668	74292140	262	24899	380	101
HSM7J4KQ	88293501	251	28077	379	101
PSM7J1B9	100573132	249	21063	379	101
MSM6J2QR	130512583	251	31936	379	101
HSM7J4IP	99466133	256	23977	378	101
HSM5MD73	143449765	258	37388	378	101
PSM7J1CG	100701682	259	44965	377	101
HSM7J4P2	118943994	258	28686	376	101
MSM79H7M	97350615	251	31324	375	101
MSM6J2ML	79374717	253	24575	374	101
CSM7KOST	58845103	259	25383	374	101
MSM9VZMC	87254608	249	18914	373	101
HSM7CYXO	59836857	251	25400	372	101
CSM67UDF	93764865	255	31337	372	101
PSM7J13I	107528681	250	18773	371	101
HSM7J4OX	129704869	264	22442	370	101
ESM7F5AM	144716440	257	18827	370	101
MSM9VZMU	191992066	260	38488	369	101
CSM5MCXL	122139979	254	41509	369	101
HSM7CYX6	136848310	254	33502	368	101
CSM79HLG	120660028	255	56261	368	101
HSMA33JN	122958242	258	27931	367	101
MSM6J2Q9	92281267	249	23876	366	101
PSMA264K	86213543	255	20643	365	101
HSMA33R5	120065389	251	20790	364	101
CSM7KOKF	116123095	254	19676	364	101
HSM7CZ3G	106107051	251	30196	363	101
HSMA33JP	134917508	259	28745	362	101
PSM7J161	70293592	263	28401	361	101
HSM7J4J9	88817023	254	25108	360	101
PSM7J1BR	30103535	240	22813	360	101
HSM5MD6Y	142977076	258	23907	360	101
MSM6J2SK	99380731	251	25492	360	101
MSM6J2OH	41030180	235	31938	359	101
HSM5MD5P	111422763	253	36025	358	101
HSM6XRT8	111192313	259	48843	358	101
PSM7J1AO	75854778	246	20029	358	101
MSM5LLF4	105319788	259	20318	358	101
HSMA33IA	102810009	252	17898	357	101
MSM9VZOW	93430933	258	25141	356	101
CSM9X1XU	85139793	250	23009	356	101
PSMA265L	141187589	256	32276	355	101
CSM7KOSP	56220721	248	16245	355	101
PSMA267J	119585622	250	29655	352	101
MSM6J2IQ	106113010	244	37802	352	101
MSM79HDC	92844338	259	29704	351	101
HSMA33MV	106219941	254	19697	349	101
PSM7J1AS	92143041	248	18950	349	101
HSM6XRQO	86851153	247	30696	348	101
CSM7KOPI	108138326	246	33887	348	101
HSM7J4QB	62978584	250	22039	347	101
MSM79H7C	128590309	247	30752	347	101
HSMA33NC	149985108	251	25988	346	101
HSM7CYXQ	85906232	243	18257	346	101
CSM67UDR_TR	88988011	247	26742	346	101
HSM7J4I9	127724814	243	25732	345	101
MSM9VZMM	139820496	248	23398	344	101
MSM9VZIQ	135189034	254	29752	343	101
PSMA2671	88700419	245	18656	342	101
CSM79HLA	180909842	245	28050	342	101
HSM7J4HM	89710118	247	25981	341	101
PSM7J14L	61791532	258	21409	340	105
PSMA2675	120842259	243	25922	340	101
MSM79H63	98836317	244	23632	340	101
HSM7J4I3	90949192	246	28084	339	101
PSM7J1A2	110229305	252	30980	339	101
PSM7J13Q	98091024	239	19100	338	101
ESM7F5CD	128928726	253	24816	338	101
HSM7J4OP	61712920	243	13741	338	101
MSM9VZI2	93554765	238	45133	337	101
MSM9VZME	96868030	241	17956	336	101
PSM6XBUM	140633797	248	33813	335	101
HSMA33IE	77137917	245	25628	335	101
HSMA33RX_TR	104339742	247	26931	335	101
MSM5LLEP	174289512	247	28177	334	101
MSM9VZIM	100766601	251	35232	334	101
PSM6XBSA	115519087	249	27950	332	101
MSM6J2QF	126254894	244	27421	332	101
MSMB4LZK	105512951	241	23218	332	101
CSM7KOTA	74510656	241	28742	331	101
CSMAE44D	171756462	243	22289	331	101
HSM5MD53	101693177	240	19545	330	101
PSM6XBVS	87319230	236	19125	330	101
HSMA33OD	118463951	245	18377	329	101
HSM7CYYD	134451685	246	37140	328	101
PSMA26A1	114885375	241	24680	328	101
MSM79H7G	129086320	245	40787	327	101
HSM6XRUL	113963964	241	26418	326	101
HSMA33RT	97818467	243	18497	325	101
PSM6XBT7	73213796	244	19795	325	101
MSM5LLDC	98731886	238	33688	325	101
CSM79HP6	170809981	239	28706	325	101
CSM9X21N	103981687	238	31624	325	101
HSMA33KS	207620612	248	35051	324	101
PSM7J1A6	65502228	248	16412	323	101
HSM67VI5	144743500	238	18743	323	101
CSM79HIX	113669752	236	27929	323	101
MSM79HDE	110942584	249	29225	322	101
PSM7J1CI	124354310	246	27292	321	101
CSM5MCYS	128022457	237	20590	321	101
CSM79HJA	111266453	239	17560	321	101
CSM79HP2	192864646	238	23851	321	101
MSM6J2QH	144897900	242	22927	321	101
MSM6J2HL	54785419	232	27717	320	101
HSM7J4KO	77009022	239	19400	319	101
CSM79HOL	163067528	241	34456	318	101
CSM7KORU	88755836	233	19628	318	101
ESM5MEDK	135870852	240	24002	317	101
HSM7J4JF	114401972	240	18707	317	101
HSMA33IK	104264563	237	26437	317	101
HSM7CYX8	139641071	244	33147	317	101
HSM7J4O7	184397256	238	24134	317	101
CSM7KOQX	103592179	246	20760	317	101
MSM79H8D	157824428	237	27399	317	101
HSM5MD7Q	47552848	245	24261	316	101
PSMA267P	113427867	239	25631	316	101
PSM7J13M	96395411	230	27425	315	101
HSM7J4L9	88221533	235	20980	315	101
PSM7J17T	121308600	237	22980	315	101
HSM7J4I7	127772496	236	23030	315	101
MSM6J2HR	142249063	239	28401	315	101
MSMAPC5D	141331709	244	45075	315	101
HSM7J4IC	104518648	240	24727	314	101
HSM7J4PS	110483894	237	22766	314	101
HSM67VGC	123703495	242	30665	314	101
HSM7J4NM	170272516	239	28631	314	101
PSMA264U	117024924	234	20255	314	101
MSM9VZLB	208813311	245	29464	314	101
MSM5LLDS	76279473	231	32848	314	101
CSM7KOOJ	193701070	239	31172	314	101
PSM6XBUG	99339943	239	25031	313	101
HSMA33KE	158895882	237	17282	313	101
HSM7J4IR	125902677	237	19876	313	101
PSM6XBTB	78550246	226	14960	313	101
MSM9VZKE	147989587	241	21536	313	101
CSMAAEUA	172950118	235	23710	313	101
HSM67VDP	34720541	245	13830	312	101
PSM7J1BP	45203103	246	23700	312	101
PSM7J13K	85818515	235	16312	312	101
MSM79H6B	115604214	238	23201	312	101
CSM5MCVL	70280083	244	21854	312	101
MSM79H8F	80101021	235	18332	312	101
HSMA33R7	95634157	235	19702	311	101
HSM7CYZR	158659031	238	34695	311	101
PSM6XBVK	65091947	235	19925	311	101
PSM7J1BB	114397558	238	18358	311	101
CSM5MCXJ	103000339	240	30796	311	101
PSM6XBS4	127899898	241	24787	310	101
HSMA33LX	189685603	239	25892	309	101
CSM7KOKB	73129794	232	21260	309	101
CSM5MCXP	121716323	240	34891	309	101
HSM7CZ2E	124868739	234	15309	308	101
MSM6J2IK	167701296	235	32681	308	101
MSM79H5Q	130268258	238	26858	308	101
PSM7J14R	172169582	239	33722	307	101
HSM67VEK	103912490	241	25097	307	101
ESM5MEDU	116417256	241	30268	307	101
CSM5MCZB	117197659	235	41823	307	101
MSM6J2JN	139935251	233	36034	307	101
CSM67UDR	71291521	236	28800	307	101
CSM7KOLA	166451447	238	29661	306	101
MSM79HDA	70339364	237	26365	306	101
HSM5MD71	112727979	239	18159	305	101
HSM7J4JH	64803369	233	25142	305	101
HSMA33RX	116544660	238	25906	305	101
PSMA264Q	80811600	232	15065	305	101
MSM6J2MB	142706546	235	22615	305	101
MSM9VZJZ	173180106	234	38390	305	101
HSMA33JR	139329587	237	25632	304	101
MSM5LLDQ	124614794	234	26507	304	101
HSM6XRSN	119410263	235	27320	303	101
HSM67VEQ	148602994	237	17358	303	101
CSM7KOPW	79761019	234	18742	303	101
HSM7J4MS	92125780	235	20330	302	101
HSM5MD5D	157936919	237	32072	302	101
ESM718SY	130030777	239	34073	302	101
HSMA33OL	102787401	233	25461	302	101
MSM6J2LT	170784311	235	34885	302	101
CSM79HLE	82453958	233	18907	302	101
PSM7J12D	74213409	236	22738	301	101
MSM9VZIU	140973752	240	35601	301	101
HSM7J4PW	121713242	236	26369	300	101
PSM6XBUK	126223016	236	16148	300	101
PSM6XBUO	118654812	239	36453	300	101
HSM67VHD	90577305	237	21788	300	101
HSMA33JB	146204834	234	20102	300	101
MSM9VZHJ	98664014	237	32157	300	101
MSM9VZFR	122143388	233	21913	300	101
CSM79HMT	159245235	232	39133	300	101
HSM67VEM	128581615	237	32030	299	101
HSMA33Q6	75232211	231	27619	299	101
ESM718UH	104972889	232	26715	299	101
MSMA26BB	202187530	236	22221	299	101
CSMAHYLR	108871906	232	23326	299	101
CSM67UDN	101096697	231	27251	299	101
HSM5MD6A	109374198	233	30423	298	101
PSM7J13E	121270231	235	18203	298	101
CSM67UBZ	126333388	231	49539	298	101
PSM6XBTL	144627297	236	25520	297	101
PSM7J1BV	126917211	230	23743	297	101
PSM7J193	69424635	232	23551	297	101
MSM79H8L	113829428	235	22283	297	101
CSM5MCXH	101835418	232	27042	297	101
HSM6XRUV	108841233	235	20924	296	101
HSM6XRVW	117657439	241	27026	296	101
HSM67VFF	75850760	234	19525	296	101
HSM7J4NU	195939326	231	28559	296	101
MSM5LLGL	104738045	228	28180	296	101
MSM5LLDA	116816736	229	21539	296	101
MSM9VZOY	88070754	234	26182	296	101
HSM5FZBZ	55854651	223	18084	295	101
HSM7J4GP	153618060	235	29533	295	101
MSM6J2IG	131362215	232	22876	295	101
CSM79HG5	72651733	227	18687	295	101
MSM6J2PM	155385369	229	34085	295	101
MSM79HAH	124241457	229	37417	295	101
MSMB4LZR	103564168	237	34133	295	101
MSM9VZIW	103746381	231	14796	295	101
HSMA33M2	136785814	229	24161	294	101
ESM5MEC3	135543593	235	18621	294	101
CSM5MCZ3	143460410	234	32889	294	101
MSMAPC6K	212527240	236	22734	294	101
CSMA8M9R	211486526	230	23166	294	101
CSM79HIN	129151345	231	30445	294	101
CSM67UDJ	105377569	232	22751	294	101
HSM7J4JD	100794574	231	20781	293	101
HSMA33LP	167706829	235	32888	293	101
HSM7CYXG	82777883	231	20923	293	101
HSM67VI3	124503691	229	18188	293	101
HSM7CZ26	131352152	229	17547	293	101
PSM7J12Z	179494206	231	24711	293	101
HSM7J4NC	130947197	235	28769	293	101
MSM6J2OL	71539236	232	23681	293	101
HSM7CYX4	129723126	234	40531	292	101
HSM67VHW	115820838	231	32309	292	101
HSM67VF9	72850644	239	29838	292	101
HSM7CZ38	69996445	236	32475	292	101
PSM7J1AM	86144140	232	26899	292	101
MSM6J2Q7	136455108	232	22201	292	101
CSM9X222	127822916	230	17757	292	101
MSMAPC59	126165611	236	58667	292	101
HSM7J4O5	146886078	230	20973	291	101
PSMB4MBI	100158891	230	19663	291	101
MSM6J2MH	151216329	231	24867	291	101
MSM79HES	200367173	229	28709	291	101
CSM7KOSH	103593903	229	29937	291	101
HSM7CYXS	101756239	232	28943	290	101
PSM6XBUQ	126940747	233	20348	290	101
HSM67VES	167820969	228	23054	290	101
CSM79HIZ	126769052	228	32387	290	101
CSM79HH4	108028680	227	21732	290	101
CSM79HOZ	169172060	229	26387	290	101
CSM79HM7	138543467	231	20432	290	101
CSM5MCUO	178674947	233	30594	290	101
CSM5MCWQ	123853151	226	33700	290	101
HSM6XRR3	79835222	231	25912	289	101
HSM7CZ2A	120149060	225	16975	289	101
CSM79HOX	167046698	226	27527	289	101
MSM9VZMO	155092064	234	30452	289	101
MSM9VZO2	93548080	230	19865	289	101
HSM7CYXC	102857427	232	44694	288	101
PSMA265T	153149834	228	20129	288	101
HSM67VH1	120155649	232	27174	288	101
CSM67UE7	137626487	227	25454	288	101
CSM79HNE	66530791	223	24579	288	101
HSM67VHF	98258652	231	25890	287	101
PSMA2659	124428714	226	23711	287	101
HSM7J4LN	86206335	234	29885	287	101
HSM67VDT	107598397	228	18822	287	101
PSM7J15Q	139610747	231	21633	287	101
MSMA26BX	132922566	230	19451	287	101
MSM9VZKI	154771010	231	35510	287	101
CSM7KOPM	116559177	223	20318	287	101
HSM5MD7S	68515877	229	20541	286	101
HSM67VFZ	162850711	232	27175	286	101
HSM6XRUN	101090098	230	36029	286	101
MSM9VZMW	163740253	230	16709	286	101
HSM67VHQ	94621561	230	21127	285	101
HSM7J4N8	110401235	231	18594	285	101
HSMA33NW	116241597	230	18544	285	101
MSM6J2QB	137682230	229	22231	285	101
MSM79H65	146398128	230	24930	285	101
HSM7CYY9	114547849	229	29349	284	101
HSM7J4Q7	149588403	231	27654	284	101
HSM7J4I5	136618259	224	20202	284	101
CSM79HID	101625582	228	37545	284	101
HSM5MD66	86805589	230	21230	283	101
HSM67VHS	86297936	227	17068	283	101
HSM7CYZJ	167258380	227	21806	283	101
MSM6J2IO	141768388	229	22208	283	101
CSM7KOTK	139941342	226	23009	283	101
MSM5LLDM	105060325	226	21183	283	101
MSM6J2LV	149146444	230	25788	283	101
CSM9X211	149982711	230	19447	283	101
HSM6XRRV	105576491	230	59844	282	101
HSMA33PN	170128410	230	45760	282	101
HSM67VHB	98274990	228	21355	282	101
CSM79HOH	181907253	225	18224	282	101
MSM6J2J1	120293148	223	31092	282	101
CSM7KOTO	91980516	227	30527	282	101
MSM79HB6	156199295	227	32923	282	101
MSM9VZEW	105824700	231	24170	282	101
HSM7J4NA	150084683	227	28192	281	101
PSMA263W	64319709	228	20439	281	101
HSM7J4PO	155406285	233	35659	281	101
HSM7J4J7	99259204	226	24922	281	101
MSM9VZJ3	121849845	225	38096	281	101
CSM7KORI	86596036	228	19128	281	101
CSM7KOTU	121412999	225	20855	281	101
MSM79HEU	130129053	225	21804	281	101
CSM67UFV	170372810	225	21669	281	101
CSM9X21L	95648820	226	23623	281	101
HSM67VHJ	102191440	228	29688	280	101
ESM5MEC5	92084503	224	22481	280	101
MSM79HBN	63366087	225	15945	280	101
CSM67UAU	179666037	228	29527	280	101
CSM7KOL4	179890732	225	25071	280	101
MSM79H5Y	148812786	228	25561	280	101
PSM6XBRK	125380245	226	23055	279	101
HSMA33J7	128554463	229	27378	279	101
HSM7J4RE	151322627	227	25183	279	101
HSMA33OV	117647283	226	20767	279	101
ESM5MEBU	113236942	229	21801	279	101
CSM79HQZ	64964057	226	26771	279	101
MSM9VZOK	105245228	232	19862	279	101
CSM9X1Y3	119916280	225	19455	279	101
CSM5MCXR	96000091	230	29359	279	101
PSM7J163	52078846	233	28565	278	101
HSMA33QY	106483941	228	20929	278	101
HSM5MD7K	117544853	228	45978	278	101
HSM5MD7U	76278727	229	29434	278	101
HSMA33R9	104725753	229	25592	278	101
HSM7CYZV	30153456	231	33469	278	101
PSM7J12F	63285122	225	20987	278	101
MSM6J2QL	129288130	223	17934	278	101
MSMA26AZ_TR	114480577	226	21035	278	101
MSM9VZFL	122014985	226	27316	277	101
MSM9VZHN	125936359	230	32026	277	101
CSM9X22S	122499439	226	19818	277	101
HSM67VD2	101735083	227	23928	276	101
HSM7J4NY	152064554	223	21296	276	101
PSMA266U	87282887	223	25289	276	101
MSM79H69	127871393	226	20028	276	101
MSMA26EJ	90254343	228	30060	276	101
HSM7J4MY	118981254	225	23360	275	101
HSM7J4IS	95423394	224	18295	275	101
PSMA266Y	89813773	222	27211	275	101
PSMA269S	117855470	223	25792	275	101
MSM6J2Q3	119785739	222	26978	275	101
MSMB4LYB	142030206	229	35874	275	101
MSM79H98	163359380	225	20819	275	101
CSM7KON8	132633345	226	27832	275	101
MSM9VZMS	174018919	225	22736	275	101
MSM79H7E	140951456	225	32807	275	101
HSM7J4O1	161168336	226	22867	274	101
PSMB4MC1	138748572	224	27310	274	101
ESM5MEBS	118124335	226	45492	274	101
PSM6XBVQ	106376501	228	26824	274	101
MSM6J2J5	165596890	224	18213	274	101
CSM7KOTC	114028406	223	21354	274	101
HSM6XRST	133650181	229	37431	273	101
PSM6XBSK	110840493	227	22848	273	101
PSM7J18K	75027975	223	21790	273	101
HSM5MD6Q	93981743	225	23859	273	101
PSM6XBT3	63209896	225	39487	273	101
MSM9VZPH	146642070	228	34018	273	101
CSM7KOKN	96183042	224	18383	273	101
CSM79HR6	54835698	224	15905	273	101
CSM67UEA	153114126	223	31731	273	101
CSM79HPS	96816647	224	22421	273	101
CSM7KOJQ	114860222	225	26236	273	101
CSM7KOMP	182769714	225	26226	273	101
CSM9X23N	89712658	225	20150	273	101
HSM67VEE	83427843	221	23388	272	101
HSM67VGA	111351180	225	30992	272	101
PSMA264O	100861999	221	21377	272	101
MSM6J2Q5	148674624	226	26234	272	101
CSM79HKB	138458907	221	22293	272	101
CSM79HIR	173520941	221	29447	272	101
MSM6J2LJ	124630804	225	25742	272	101
CSM7KOSV	175850988	223	21350	272	101
MSMAPC7R	94839877	223	43703	272	101
CSM7KOPK	108490072	221	18316	272	101
CSM5MCX3	179331046	227	23096	272	101
CSM67UAQ	84564826	223	33393	272	101
HSM7CYZ7	82816901	228	27213	271	101
PSM7J1C8	135126291	227	34096	271	101
HSMA33NA	92724457	226	24133	271	101
MSM6J2QD	128291367	225	30105	271	101
CSM67UB9	74192503	220	15261	271	101
CSM79HLA_TR	150086965	220	26263	271	101
PSM6XBSS	170733149	226	25994	270	101
HSM7CZ2Z	86566282	227	26397	270	101
PSM7J18M	106319372	224	23201	270	101
HSM7J4O3	157516830	223	21838	270	101
PSMA265X	120392843	221	20962	270	101
MSM9VZEO	109782983	221	24793	270	101
MSM9VZL9	187028391	227	21603	270	101
MSM6J2SE	172505905	226	27254	270	101
HSM5MD4N	107204287	222	26182	269	101
PSM7J136	112754177	225	21618	269	101
PSM6XBSM	126137707	223	29929	269	101
ESM7F5CF	142010556	226	24245	269	101
HSM7CZ24	119226412	217	17561	269	101
CSM67U9J	99044847	221	20809	269	101
MSMAPC7P	85897279	220	13510	269	101
MSM6J2JR	154204032	220	23776	269	101
MSMA26BD	161139589	225	14570	269	101
CSM9X1Y5	165975555	221	25495	269	101
CSM5FZ4M	97212423	221	28293	269	101
MSMA26AZ	123618155	225	25680	269	101
CSM67UAS	126980123	224	24111	269	101
CSM67UFZ	142511043	224	56130	269	101
HSM67VEM_TR	108801583	224	30691	268	101
HSMA33LJ	117977844	222	32309	268	101
PSM7J1BX	105810232	219	21778	268	101
CSM67UCK	125723888	223	25795	268	101
MSM5LLDK	100727935	222	31717	268	101
CSM7KOMZ	98132213	223	15251	268	101
MSMA26BL	133894240	225	15501	268	101
MSM9VZHP	115898668	225	19048	268	101
CSM79HNM	167660871	221	28246	268	101
PSMA265B	75837661	220	20267	267	101
HSM5MD48	78287624	220	18867	267	101
HSM7J4OB	166181943	223	31791	267	101
PSMA2653	111359422	220	15567	267	101
PSM7J18I	124986027	225	22870	267	101
HSM7J4HY	116002187	218	19252	267	101
CSM9X237	114646842	222	22912	267	101
MSMAPC7T	127519177	222	23724	267	101
CSM67UC6	141909402	222	37607	267	101
HSM67VI7	123479134	219	23833	266	101
HSM67VGY	166968564	225	26440	266	101
CSM79HJO	98575572	219	32667	266	101
CSM67UF1	112853094	224	14364	266	101
MSM6J2HJ	57005457	222	34402	266	101
HSM7J4GD	108522150	221	17841	265	101
MSM6J2MF	121226026	220	22554	265	101
MSM9VZPL	125120492	227	24186	265	101
CSM9X23B	146360535	219	29746	265	101
MSM7J16P	152279134	219	20939	265	101
MSM79HBZ	34013816	228	26301	265	101
MSM9VZNR	76381410	220	15881	265	101
ESM5MEBI	108673742	223	38063	264	101
PSM7J15S	138499204	222	18617	264	101
ESM5ME9U	126756911	223	15718	264	101
HSM67VD6	102342745	224	23230	263	101
HSM67VEI	91155278	227	30429	263	101
HSM7J4PY	101523880	221	23143	263	101
HSM7CZ28	146707613	217	19382	263	101
HSMA33SE	191434635	225	23342	263	101
CSM7KOTQ	124494630	220	16381	263	101
MSM9VZJB	121678012	222	28387	263	101
MSM5LLDI	82921835	222	32858	263	101
CSMACTZP	108788611	223	19872	263	101
MSMAPC6A	119808741	225	25061	263	101
MSM6J2IE	121741284	224	26460	263	101
MSM6J2HN	132163161	220	26262	263	101
CSM79HGX	120598603	219	21562	263	101
MSM6J2OP	75110977	220	24671	263	101
HSMA33PZ	58866987	217	27108	262	101
HSM7J4PA	106481938	219	24290	262	101
ESM5MECQ	104267552	222	31631	262	101
HSM67VG8	178368007	221	41237	262	101
HSM7J4HO	90221103	219	21069	262	101
CSM9X21T	118135203	219	21484	262	101
CSM5MCZD	177541489	220	27573	262	101
CSM79HIV	175675158	218	24703	262	101
CSM7KOOZ	62252523	220	31521	262	101
CSM9X1YV	120812352	218	21707	262	101
CSM67UAM	102668935	220	23046	262	101
CSM9X215	112823340	221	24357	262	101
PSM6XBQU	167130112	220	15587	261	101
HSM7J4K2	82194811	219	23377	261	101
PSMA264W	130067547	217	19336	261	101
CSM7KOMH	56810082	217	31870	261	101
CSM9X23H	88827420	223	20976	261	101
PSM7J15A	139779497	219	23101	260	101
HSM7CZ32	81516156	219	29740	260	101
PSM6XBR1	142510277	222	31734	260	101
HSM7J4PQ	107849937	220	20977	260	101
HSM6XRQI	65419791	218	29654	260	101
HSM7J4IU	142520611	222	19018	260	101
CSM79HKZ	133922775	218	24981	260	101
MSM6J2MD	146438385	222	18900	260	101
CSM79HP4	137762740	218	21839	260	101
CSM7KOOL	163025831	218	22737	260	101
MSM9VZIO	86447610	220	15628	260	101
HSMA33KM	147529545	221	22826	259	101
PSM6XBTP	136712782	219	22378	259	101
ESM5MEDD	152186388	222	18919	259	101
HSM5MD4O	121140302	220	28714	259	101
HSM7J4HK	157261247	218	24188	259	101
CSM67U9D	155169662	219	23176	259	101
MSM9VZL5	149157554	221	21492	259	101
MSM6J2SI	162246886	218	26147	259	101
PSM7J19J	157543211	217	40769	258	101
PSM6XBTR	143819960	217	20793	258	101
HSM7J4HW	163168331	218	25090	258	101
PSM7J1DL	161859868	218	22402	258	101
MSM9VZOQ	94566112	223	24157	258	101
PSMA267D	109322932	214	22100	257	101
PSM6XBSI	110722871	217	24646	257	101
ESM5MEBG	90541064	219	22364	257	101
HSM7J4OL	139964152	221	24925	257	101
PSM7J199	124250272	216	21381	257	101
HSM5MD6A_TR	134888028	219	26160	257	101
HSM6XRTS	142599518	219	25537	257	101
CSM79HQV	55673600	220	22854	257	101
MSMA26DM	139489173	220	27275	257	101
MSM6J2JD	165142745	217	24385	257	101
CSM79HK9	151186387	216	16890	257	101
MSM9VZLD	151746888	220	16277	257	101
CSM67UBX	123792471	215	22396	257	101
CSM79HIL	101840048	217	23166	257	101
CSM7KOJW	95935931	219	34588	257	101
HSM67VGG	151947751	219	27703	256	101
PSM7J19T	150159266	214	18516	256	101
HSM6XRSX	168056463	220	28632	256	101
HSM5MD41	131957301	220	40008	256	101
CSM7KOKZ	152621141	216	19409	256	101
CSM67UA2	88456073	218	33754	256	101
CSM5MCXD	124308604	220	26585	256	101
CSM9X21J	122823357	216	27451	256	101
HSMA33OJ	152157211	217	22129	255	101
MSM6J2LH	104241960	214	16710	255	101
CSM7KOKT	98088657	218	37762	255	101
CSM79HLI	107910127	215	19554	255	101
HSM7J4QH	66449143	216	24582	254	101
HSM7J4G8	151560000	219	20736	254	101
PSMA269W	121721701	217	21467	254	101
MSM6J2MJ	83492743	215	29912	254	101
CSM9X22U	110575454	217	19314	254	101
CSM79HM1	127970176	217	20068	254	101
PSM7J19B	169706698	214	30946	253	101
HSM67VFR	65866891	220	27231	253	101
HSM7J4HC	133141042	216	19221	253	101
HSM6XRTO	151286194	216	25345	253	101
PSM7J1C4	148987207	217	25641	253	101
HSMA33OZ	116323084	218	21037	253	101
CSM79HPC	119608448	212	21796	253	101
MSM79H9Y	262641612	216	26727	253	101
MSM9VZFN	125900565	214	17433	253	101
CSM79HGZ	159103118	215	31461	253	101
CSM7KOPO	129139058	214	23413	253	101
CSM79HIH	101224084	217	29296	253	101
PSMA266M	187954068	214	25777	252	101
HSM7CYXA	124672413	219	31040	252	101
MSMAPC6G	146934340	220	27764	252	101
MSM6J2IY	153060534	214	28765	252	101
HSM6XRVO	79788561	218	24824	251	101
HSM7CYZ9	63466141	216	28152	251	101
HSMA33NY	134710237	218	21068	251	101
PSMB4MC3	80361685	215	20257	251	101
CSM7KOLK	175454279	213	29840	251	101
CSM79HOV	129103116	213	30616	251	101
CSM7KOMX	131264140	215	20732	251	101
CSM79HPA_TR	150576116	215	22022	251	101
MSMA26BT	153189867	215	27519	251	101
MSMA26BF	159347421	218	16866	251	101
CSM79HLC	115375177	215	18327	251	101
PSM6XBRK_TR	121239806	213	17437	250	101
HSM7J4IQ	121330571	215	21446	250	101
HSM7J4HI	144751163	213	16148	250	101
HSM67VFX	152759857	216	17491	250	101
HSM7J4KK	234233966	215	23944	250	101
HSM7J4NE	112199346	215	25396	250	101
PSM6XBT5	38702377	211	23421	250	101
CSM5MCZF	132038756	216	18647	250	101
CSM7KON2	121690908	215	20271	250	101
CSM7KOKR	130810209	216	18454	250	101
MSMA26DO	135796138	215	25941	250	101
CSM67UE3	142958267	216	15206	250	101
PSMA264S	90135758	212	28543	249	101
MSM79H81	123225683	217	29530	249	101
MSM9VZL7	148889947	216	15984	249	101
MSM79H6L	253880509	213	26794	249	101
CSM7KOMT	176263419	215	34987	249	101
HSM7J4N4	131414289	215	16812	248	101
HSM6XRS4	35664803	219	19618	248	101
ESM5MECL	91788236	215	28251	248	101
HSM7CYX2	156310885	218	25581	248	101
HSM6XRTM	116218708	216	35439	248	101
HSM7CZ1V	130893931	214	31124	248	101
CSM7KOKJ	106732144	212	19386	248	101
MSM79HDM	117262250	216	39824	248	101
MSMAPC5L	134668661	217	22300	248	101
CSM7KOOP	187356704	215	29700	248	101
MSMB4LZ4	128781783	217	28652	248	101
MSM9VZF3	106018832	218	21275	248	101
HSM7J4OE	141980032	214	18307	247	101
HSMA33PL	173237091	214	38298	247	101
HSM67VCZ	87206251	214	17412	247	101
HSM7J4QZ	159214964	216	21449	247	101
CSM7KOSJ	36338254	220	42205	247	101
CSM7KOL2	141205071	213	19293	247	101
MSM9VZLN	241425962	214	44021	247	101
PSM7J173	166137192	211	19657	246	101
HSM67VI9	146342992	212	25367	246	101
HSMA33P6	126838051	214	30281	246	101
CSM79HJM	114554071	211	22690	246	101
MSMA26CV	99540721	215	18037	246	101
MSM7J16L	162509270	213	34799	246	101
MSMA26CX	119016163	212	13919	246	101
CSM79HHA	123166030	214	16476	246	101
CSM79HOT	134629995	213	18049	246	101
CSM67UG8	178146786	215	21804	246	101
PSM7J1CC	153215937	214	17882	245	101
PSM7J18E	120966311	215	22258	245	101
HSM5MD5B	194287194	216	35748	245	101
MSM9VZPN	92753711	215	17121	245	101
CSM7KOTS	122319358	213	24421	245	101
MSMB4LXS	80700138	212	20645	245	101
MSM79HCP	114740821	216	33710	245	101
MSMA26DK	148850003	211	17935	245	101
MSM79HAR	239251496	213	21564	245	101
CSM7KORM	127985277	209	26782	245	101
MSM9VZP3	79402456	213	22899	245	101
HSMA33L1	164275491	210	20377	244	101
HSM7CZ3C	113543441	211	25156	244	101
HSM7J4R2	138422842	212	29211	244	101
CSM79HQX	46595639	217	20514	244	101
CSM7KOLM	209343471	212	24123	244	101
MSM9VZES	148509623	213	34874	244	101
MSMB4LZ8	174305302	215	33078	244	101
MSMAPC5H	111435439	215	14428	244	101
MSM6J2HP	150313553	215	43185	244	101
MSM6J2JT	133532271	212	25471	244	101
CSM67UDY	89581122	211	22313	244	101
HSMA33IC	129948541	214	20624	243	101
MSM79HDK	125202082	215	26245	243	101
CSM7KOON	176150382	212	17951	243	101
MSM9VZOS	93204700	214	26662	243	101
CSM9X219	112523357	213	18782	243	101
CSM7KOJS	105423897	211	20846	243	101
PSM6XBSU	142181998	211	22491	242	101
HSM67VHH	85852591	215	23550	242	101
PSM7J19Z	95437295	209	21451	242	101
HSM6XRTG	88975089	210	19510	242	101
PSMA265J	88693663	215	21537	242	101
PSM7J17Z	100428908	210	23442	242	101
PSMA265J_TR	88693663	215	21537	242	101
PSMB4MC5	88886939	210	28858	242	101
CSM79HJU	73905118	209	25573	242	101
MSMA26EN	84393099	208	21909	242	101
HSMA33KU	158598725	210	32288	241	101
HSM7J4LD	64284928	213	33174	241	101
HSM67VEU	150646699	213	23934	241	101
PSMA26A3	103219276	210	37929	241	101
CSM79HOJ	137433516	211	17523	241	101
CSM9X233	121837860	212	39401	241	101
CSM79HNI	160671537	211	29754	241	101
CSM7KOPG	95938659	211	25392	241	101
CSM7KOPE	148708829	210	23383	241	101
CSM7KOJU	90720097	211	32987	241	101
HSM7J4MK	127868664	213	20754	240	101
PSM7J15G	127456376	208	19093	240	101
PSM7J15K	120035612	209	16851	240	101
HSMA33LH_TR	101203779	209	34339	240	101
HSMA33OX	105057962	212	22190	240	101
HSM7CZ1Z	160838756	212	24137	240	101
CSM7KOR2	134876676	210	16120	240	101
CSM7KORG	142986509	208	18131	240	101
CSM5MCXV	144740561	208	17799	240	101
MSM79HF5	241219762	209	23346	240	101
PSM7J182	106380051	207	50555	239	101
HSM7CYZL	152417101	212	20934	239	101
HSM7J4IW	136078307	211	19507	239	101
HSM7J4NO	94390138	208	16233	239	101
MSM9VZEM	107727690	209	36758	239	101
CSM79HH8	148667522	209	20362	239	101
MSMAPC7J	198292303	212	31237	239	101
MSM6J2PS	204647803	213	25092	239	101
CSM79HIF	88482325	210	28342	239	101
MSM9VZF5	79540749	212	34372	239	101
CSM7KOP8	195506384	209	27150	239	101
MSM79HDI	93302275	216	19743	239	101
PSM6XBT9	33466188	211	28174	238	101
HSM6XRV4	150253864	210	28980	238	101
CSM9X21R	118778419	210	27200	238	101
CSM7KOQ1	62060519	206	22694	238	101
MSMAPC6M	177459266	211	13058	238	101
CSMAF72L	78182815	214	24322	238	101
HSM7CYYB	30786156	206	21274	237	101
HSM5MD7J	51060837	205	18659	237	101
HSM7CZ22	115538346	211	28624	237	101
CSM79HL6	114563769	211	21402	237	101
MSM9VZIY	104882772	216	32388	237	101
CSM7KORK	175172815	207	20538	237	101
MSM79HFY	223411295	211	26021	237	101
MSMAPC5B	75665739	210	12069	237	101
MSMA26AX	94096775	214	28424	237	101
PSMA269O	129647018	209	25666	236	101
PSM7J12R	41493676	206	11804	236	101
PSM7J14P	132406587	211	31311	236	101
HSM7CZ1A	200145521	210	35149	236	101
CSMA9J65	97153722	207	22665	236	101
MSMA26BH	155974952	211	16645	236	101
MSM6J2RQ	286456854	208	26752	236	101
MSM6J2Q1	219365792	207	25880	236	101
MSMA26BR	133206951	208	19190	236	101
CSM7KOK1	117114012	208	26637	236	101
CSM5MCY8	172892882	210	26409	236	101
PSMA265N	86501194	206	32561	235	101
CSM79HR2	60412067	205	18491	235	101
CSM79HKX	146401992	209	26343	235	101
MSMAPC6O	165332348	211	19265	235	101
MSM9VZKC	133939822	209	23822	235	101
MSM79HDG	66106040	217	21378	235	101
PSM7J16Y	187067438	209	23475	234	101
PSM7J1A8	138988032	207	27260	234	101
MSMA26AT	151232895	207	28631	234	101
CSM5MCZ5	124804950	206	14237	234	101
CSM67UGO	105301258	206	28891	234	101
CSM79HR4	39704398	210	25545	234	101
MSM79HCK	100309817	211	29207	234	101
MSM79H5U	152518301	207	14879	234	101
MSM9VZHT	118885171	211	17806	234	101
MSM79HEA	77929444	205	16682	234	101
CSM9X1ZY	134664709	207	26194	234	101
PSMA267F	152623757	203	37176	233	101
PSM7J14N	103468341	209	16067	233	101
HSMA33J9	170546371	207	17719	233	101
HSM5MD43	115200241	214	27727	233	101
HSM6XRRD	83569372	208	14918	233	101
PSMA267R	98812089	207	27466	233	101
CSM67U9B	145960207	205	16468	233	101
MSM7J16J	131837724	210	23194	233	101
CSM67UB1	153375250	207	22150	233	101
MSM9VZLH	165810113	208	12854	233	101
MSM79H8H	150378725	207	20857	233	101
MSMA26DI	150450345	209	33420	233	101
MSM79HCR	77457225	208	35401	233	101
MSM79H87	106201821	210	30718	233	101
MSM79H5S	162526565	206	22942	233	101
MSM9VZIS	95339860	208	15363	233	101
MSMB4LZP	93104098	211	17303	233	101
HSMA33QM	180696696	210	26499	232	101
MSM6J2IM	178502851	206	28236	232	101
MSMB4LZZ	179765042	207	14471	232	101
MSMA26AV	132433669	211	26665	232	101
PSM7J19P	176624944	205	34042	231	101
PSMB4MBK	148952552	208	21275	231	101
HSM7J4M6	109774624	208	22808	231	101
HSM7J4M8	178198041	206	19477	231	101
MSM79HCI	100448436	212	55663	231	101
MSM9VZEQ	134772537	208	21473	231	101
CSM7KOOF	117728998	206	17533	231	101
MSM79HC4	178861472	208	22676	231	101
CSM67UF5	96998468	212	22963	231	101
CSM67UAK	111372763	211	27522	231	101
CSM9X1ZO	182703680	207	26963	231	101
HSMA33JD	134464551	208	18108	230	101
PSM7J18G	121118088	209	20884	230	101
PSM6XBS8	114682436	206	24036	230	101
PSM7J1DF	132699858	205	21575	230	101
CSM7KOO9	99706370	207	32992	230	101
MSMA26BJ	171399625	206	15997	230	101
MSM79H6N	267414545	207	28995	230	101
MSM79HA1	265436403	204	21704	230	101
MSM79H9W	255199762	206	29468	230	101
CSM79HMP	164461779	207	17491	230	101
CSM7KOP6	163344896	208	21300	230	101
HSM67VIB	151078496	205	21847	229	101
PSM7J1A4	141974850	204	17900	229	101
CSM7KOLE	115407608	204	27267	229	101
MSM7J16R	158735748	206	22670	229	101
MSM9VZF7	181714832	207	44030	229	101
HSM67VGK	95541995	207	32767	228	101
HSM7CYYF	77346373	206	16672	228	101
MSMAPC6E	121010268	207	15799	228	101
MSM79H7O	194041323	206	24672	228	101
MSM9VZHB	146099971	208	23315	228	101
MSM9VZFF	232838953	204	24384	228	101
MSM9VZF1	75798314	211	27265	228	101
CSM5MCXN	155426897	207	26618	228	101
PSM7J156	150477727	204	26438	227	101
CSM9X235	119833237	205	20009	227	101
MSM9VZOG	136234294	206	31531	227	101
MSMAPC57	87130321	205	16203	227	101
MSM6J2OJ	132775331	203	30241	227	101
ESM5MEBE	97768380	206	30137	226	101
PSM6XBW3	78616748	201	18510	226	101
HSMA33J3	136802647	203	25027	226	101
MSMAPC6C	103250486	206	17173	226	101
CSM79HOF	146698860	204	14176	226	101
MSMA26DG	83471559	209	23702	226	101
CSMAG78W	128931475	204	19789	226	101
HSM67VD4	84207336	203	20792	225	101
HSM5MD6C	83778926	204	16960	225	101
MSMB4LZC	116887958	204	32828	225	101
MSM9VZHZ	116365263	204	11622	225	101
MSMA26BN	150214833	207	11309	225	101
CSM79HIJ	113345777	204	20382	225	101
MSM79HDG_TR	76221251	208	18659	225	101
CSM7KOLY	155373696	204	27290	225	101
HSM6XRSI	38355077	202	23589	224	101
HSM7J4QT	84238209	207	52825	224	101
HSM67VE4	40076210	200	15419	224	101
CSM67UBB	72079362	204	21936	224	101
CSM9X1ZC	106473505	202	19480	224	101
MSM6J2LY	218704756	204	25785	224	101
CSM79HKV	101367333	202	16901	224	101
CSM9X22K	174069963	204	19789	224	101
CSM79HMN	137049390	203	15548	224	101
PSMA267H	122095386	200	25845	223	101
HSM67VEW	134685772	205	30925	223	101
HSM6XRRJ	67795516	202	20118	223	101
MSM79H6J	268087027	202	22861	223	101
MSM9VZLL	234979882	203	27167	223	101
CSM79HLM	112335773	200	16387	223	101
PSMB4MBS	143525235	202	24809	222	101
PSM7J15I	133564343	201	20935	222	101
HSM6XRVA	87774112	204	16468	222	101
PSM7J154	148003411	203	28703	222	101
HSM6XRVC_TR	96642358	204	18632	222	101
MSM7J16N	125610041	204	27719	222	101
CSM79HRE	93135347	199	12097	222	101
CSM79HHW	75107473	202	27038	222	101
MSMA26BV	134230464	202	13465	222	101
CSM67UAA	73813885	208	31292	222	101
MSMA26EL	80451325	204	18614	222	101
ESM7F5AK	165914272	204	21347	221	101
PSMA266O	130507597	203	18275	221	101
HSM6XRVC	113849643	205	38302	221	101
PSM7J15M	77333704	203	30173	221	101
HSM7J4HQ	79407444	198	18730	221	101
CSM5MCZ7	101530274	199	18482	221	101
CSM79HN2	262935730	203	32879	221	101
MSM6J2JP	116508922	199	23884	221	101
CSM9X1ZQ	168090616	204	23077	221	101
CSM79HGF	99122741	199	20641	221	101
ESM5GEXY	82855655	200	18922	220	101
PSM6XBV2	108550950	199	20787	220	101
HSM7CZ1C	214817126	204	21125	220	101
PSM7J16B	23451230	198	9423	220	101
MSM79HBT	85463272	200	25626	220	101
CSM5MCY2	143869488	200	18873	220	101
MSM79H5K	266569514	203	25295	220	101
CSM7KOOH	170104865	202	21910	220	101
MSM9VZHL	79759592	204	12423	220	101
CSM9X213	144419938	201	21590	220	101
HSM5MD6M	66757760	202	24689	219	101
HSMA33MC	66665269	201	32469	219	101
MSM79HBR	57969726	201	16152	219	101
CSM79HIT	132880482	200	22214	219	101
MSM79HDQ	150635701	202	44126	219	101
MSM79H6H	207422212	201	35261	219	101
CSM7KOJY	103839999	199	22683	219	101
CSM79HLK	69632662	203	21280	219	101
HSM7J4OV	41949786	199	28826	218	101
HSM7CZ3A	120165951	202	17061	218	101
PSMA266I	167112752	198	30401	218	101
HSM67VGK_TR	109318661	201	25317	218	101
HSM6XRVK	110608338	203	21466	218	101
CSM5MCW6	81248285	197	23664	218	101
MSM5LLF8	74730351	199	24331	218	101
MSM79H83	133658379	202	60932	218	101
MSM79HA3	193616705	199	58300	218	101
HSM7CZ3E	151982197	199	19155	217	101
PSM7J15W	149774451	199	22924	217	101
HSMA33M8	97721005	200	24971	217	101
HSMA33MA	108203574	197	13838	217	101
PSM7J12V	125378475	197	21935	217	101
CSM67UAY	139771563	198	20465	217	101
CSM79HHU	189281952	198	21650	217	101
MSMB4LZX	163993355	200	21176	217	101
MSM79H9M	231637821	201	23175	217	101
CSM67UEW	101345640	199	27904	217	101
HSM5MD4Y	104395512	204	17589	216	101
HSM7J4KI	190743662	201	19540	216	101
PSM7J19N	172001649	196	43468	216	101
PSM6XBSE	60104615	202	24764	216	101
HSMA33LH	66020118	200	29472	216	101
CSM67UGC	40222468	201	11374	216	101
MSM79H7Y	221259684	201	25967	216	101
MSM9VZGY	106745927	201	34013	216	101
CSM7KOS7	207603718	199	23014	216	101
PSM6XBT1	106083091	199	22491	215	101
PSM7J14X	167220624	200	24418	215	101
MSM5LLF6	159677011	199	18033	215	101
MSM6J2J3	168147772	199	27294	215	101
MSM79H6D	299793661	198	32589	215	101
CSM79HNK	110525939	201	22932	215	101
MSM9VZP1	68055360	199	12380	215	101
CSM9X22I	249435479	200	21923	215	101
HSMA33SK	196072596	198	18024	214	101
HSM6XRV8	150063733	202	18909	214	101
MSM79HBB	196397333	199	24001	214	101
MSM9VZHR	105921827	201	13082	214	101
CSM7KONA	59575845	201	19284	214	101
MSM6J2HF	61008360	199	21204	214	101
PSM6XBV4	54512810	194	32352	213	101
HSM67VEG	63058870	199	20314	213	101
PSMA265F	87731208	197	17960	213	101
CSM5MCXT	103679555	197	14084	213	101
MSM9VZFT	139699793	198	12453	213	101
CSM67UH7	144116897	200	20101	213	101
MSM79H5E	217449130	198	33836	213	101
MSM79HA7	250028857	197	25394	213	101
MSM9VZLJ	244540320	198	30059	213	101
PSM6XBSO	63331024	193	15800	212	101
HSM7J4JP	76241104	196	20079	212	101
MSMA26AP	142884858	200	30197	212	101
CSM79HKT	96416831	199	23498	212	101
CSM7KOK7	93211550	199	19082	212	101
MSM79HCG	109899461	196	23102	212	101
MSM79H9G	214674296	197	19689	212	101
MSM79H8N	119408863	196	15212	212	101
CSM7KOUB	174411417	199	40399	212	101
MSM79HAL	228689691	196	23108	212	101
CSM67UEW_TR	106929729	195	16100	212	101
PSM7J12J	43036593	191	19380	211	101
PSM6XBTT	183409762	196	24210	211	101
HSM5MD6K	111782420	200	21443	211	101
HSM5MD3Y	86408738	197	20275	211	101
CSM79HPA	145678345	196	25199	211	101
MSM79HC8	175718566	200	30980	211	101
MSM6J2RU	295829238	197	22765	211	101
MSM6J2RK	277767757	197	31163	211	101
MSM9VZGW	158175114	199	14462	211	101
MSM9VZLF	159001807	198	17551	211	101
MSMA2688	137589564	195	45284	211	101
MSMAPC55	217580783	195	14235	211	101
HSM6XRRB	76830313	197	18084	210	101
PSMA266Q	106991276	197	24652	210	101
HSM67VEO	138413364	198	22933	210	101
HSM7J4MA	186398940	197	32556	210	101
CSM79HRC	147832585	196	22624	210	101
CSM7KOP2	52584591	198	21121	210	101
MSM6J2LR	130777910	197	20879	210	101
MSM6J2QJ	123817775	198	19126	210	101
MSM79H8B	103255338	200	23412	210	101
MSM6J2LW	268324522	197	29128	210	101
CSM5MCY4	136674124	201	28807	210	101
MSM79HAJ	230357632	196	22905	210	101
MSMAPC5Z	208182173	195	29596	210	101
PSM7J1BJ	42438542	193	12442	209	101
HSM67VIL	68805999	198	16825	209	101
HSM7J4N6	110074538	195	22957	209	101
HSM7J4GR	125936514	197	19121	209	101
CSM7KORC	124199847	196	19416	209	101
MSM6J2K4	233989919	197	33020	209	101
PSM7J158	196204954	192	18333	208	101
ESM5MEDF	162934146	197	19755	208	101
HSM6XRQ8	120762145	196	29294	208	101
CSM67UB3	142295128	196	25813	208	101
CSM67UAW	119529501	196	20402	208	101
CSM7KOK5	66894246	194	30780	208	101
HSM7J4JJ	133921716	196	31722	207	101
MSM6J2II	146968387	194	21833	207	101
MSM6J2M3	281750913	196	31372	207	101
MSMB4LXW	107714093	199	20766	207	101
MSM9VZH7	117109806	196	14862	207	101
CSM7KOUL	101092806	196	12959	207	101
MSM79HF7	208047934	197	26729	207	101
HSM67VIF	116619412	195	18165	206	101
HSM7J4KG	112736072	196	24036	206	101
CSM79HHM	229956946	194	17764	206	101
CSM67UAO	98462037	196	21849	206	101
MSM79HAT	195773935	194	14104	206	101
HSMA33MS	133663459	193	15586	205	101
PSMA265H	88660794	192	20268	205	101
PSMB4MC7	100634978	193	19884	205	101
HSM7J4ME	184079470	195	18923	205	101
MSMA26AR	142982065	194	24903	205	101
CSMA88CB	94266376	196	20619	205	101
CSM7KONK	100099238	191	13261	205	101
CSMAH393	123298370	196	24402	205	101
MSM6J2KA	270907895	193	28899	205	101
MSM79HBL	187468237	194	24791	205	101
MSM9VZPT	256397446	193	25613	205	101
MSMB4LYH	198785806	196	16547	205	101
HSM7J4JN	81912687	192	16193	204	101
HSM7CZ2H	136240966	191	19558	204	101
HSM6XRV6	175644992	195	17571	204	101
HSM6XRUX	145307463	196	16933	204	101
CSM7KOOD	125695027	194	31506	204	101
MSM6J2JB	121544611	191	24586	204	101
PSM7J14T	135631645	193	24444	203	101
ESM5MEDN	91974916	194	24001	203	101
HSM7J4HA	121148363	192	24180	203	101
MSM79H67	84526210	195	24177	203	101
MSM6J2K6	233295167	192	27596	203	101
MSM6J2RM	139219961	194	19517	203	101
MSM79H85	137990742	195	37384	203	101
CSM79HPK	66472563	192	21066	203	101
CSM7KOMB	122103868	190	14734	202	101
CSM79HRG	101802201	195	28556	202	101
MSM79HDS	108018772	191	17597	202	101
MSM79H5M	289251177	193	30225	202	101
MSM6J2RO	225133664	191	21625	202	101
MSMA267X	218958888	191	14265	202	101
CSM7KOU9	234326624	194	21204	202	101
PSM6XBQS	131381965	194	24686	201	101
HSM6XRSG	26168249	189	16895	201	101
MSM79H5G	204078830	191	20792	201	101
MSM79H7W	175517348	194	27242	201	101
MSMA26EZ	112487300	192	18410	201	101
MSM79HAN	256540610	191	22537	201	101
HSM7J4PG	164158176	192	14788	200	101
CSM79HQF	88838302	190	19627	200	101
MSM6J2RC	148938090	191	30715	200	101
MSM79H9K	236294596	190	24183	200	101
MSMA267V	247112911	190	26856	200	101
CSM7KOUN	121990870	196	37935	200	101
HSM6XRS6	28924020	195	15953	199	101
PSM6XBTX	114054098	190	18386	199	101
CSM7KOOT	43230145	194	26081	199	101
CSM7KOSX	213849820	190	18712	199	101
MSM79H89	118544221	195	25612	199	101
MSM79H54	192697172	190	25119	199	101
CSM9X22G	229323627	191	22483	199	101
HSM6XRVM	103568388	191	34639	198	101
HSM7J4IO	118585060	190	30292	198	101
MSM79H9Q	170699747	192	18854	198	101
MSM9VZOM	93445351	191	13062	198	101
MSM9VZLP	191250571	190	29488	198	101
PSM7J19R	215180672	189	17570	197	101
HSM7J4HU	53424109	189	17713	197	101
HSM7J4M4	120778687	188	13876	197	101
MSM9VZEK	93542544	191	22811	197	101
MSM79HBV	75031949	195	25675	197	101
CSM79HQB	183986844	191	18447	197	101
MSMA26ET	131113415	192	31278	197	101
ESM9IEP1	102272776	189	23163	196	101
CSM7KOOX	118406059	190	28498	196	101
MSM79H9A	206639451	189	31670	196	101
PSMA269G	133342371	188	25538	195	101
HSM7J4PE	108282047	191	22482	195	101
MSM6J2K2	199059301	187	27237	195	101
MSM79H58	221441433	189	21702	195	101
MSM9VZFH	234616526	189	23461	195	101
MSM79HFB	247121903	190	18115	195	101
HSM7CYY5	113523479	189	12887	194	101
HSM7J4HE	102577979	187	19020	194	101
HSM7J4HG	109528361	191	18133	194	101
CSM5MCYW	95086675	186	11454	194	101
MSM9VZOO	75533841	193	17190	194	101
PSM7J19F	64219537	188	36652	193	101
HSMA33KQ	107590844	192	64354	193	101
HSMA33J5	106797990	189	19149	193	101
HSM6XRR7	150005521	188	17717	193	101
MSM6J2JZ	214714943	187	40080	193	101
HSM67VEC	62383577	185	22087	192	101
ESM7F5C7	160040780	190	21667	192	101
HSM7J4KM	126855283	188	25724	192	101
HSMA33QO	95905572	186	19228	192	101
HSM6XRV2	91673660	191	19928	192	101
MSMA26AL	142679475	187	31481	192	101
MSMB4LZV	137515180	187	14110	192	101
CSM7KORO	91690045	185	30377	192	101
MSM9VZI6	125309686	187	15320	191	101
HSM6XRUZ	81110239	191	16902	190	101
MSM9VZNH	166410944	188	30313	190	101
HSMA33SG	152286697	185	16146	188	101
CSM79HHO	227249421	187	22070	188	101
CSM79HJS	95993626	186	17348	188	101
CSM79HN6	209608744	185	31152	188	101
MSM9VZOI	84163180	186	17086	188	101
MSMAPC64	206358574	184	36532	188	101
HSM7CYZF	67497718	187	13071	187	101
MSM79HBP	135376930	182	21094	187	101
CSM79HQ9	79286386	185	9538	187	101
MSM9VZGO	196295079	184	27884	187	101
MSM6J2K8	186098051	185	22772	187	101
PSM7J16W	129066787	182	24982	186	101
HSM7J4MC	201112005	185	22371	186	101
MSM9VZNL	194070015	185	36723	186	101
MSM6J2PW	134458347	184	16734	186	101
MSM9VZLT	194880562	184	17371	186	101
HSM5MD6I	128700978	183	29548	185	101
HSM7CZ1G	109366046	184	19445	185	101
ESM5MED2	166225024	182	17975	184	101
HSM7J4OT	68938174	184	23207	184	101
HSM7CZ16	73686401	189	11827	184	101
MSM5LLDE	76527869	181	27504	184	101
MSMAPC66	201949286	181	15670	184	101
HSMA33NO	98148537	184	46104	183	101
HSMA33NQ	111063082	182	19112	183	101
MSM5LLHC	149396010	182	24315	183	101
CSM7KOO5	106580668	184	19569	183	101
HSM67VI1	125237061	183	19351	182	101
PSM6XBU2	151434299	183	19525	182	101
HSM7J4PM	160937866	182	19190	182	101
MSM6J2LB	59604788	184	22429	182	101
MSM9VZGU	157001306	184	23411	182	101
MSM79H9C	196041549	183	25014	182	101
PSM7J171	86897440	180	22429	181	101
HSMA33RF	109809410	181	20489	181	101
MSM79H5A	187666701	182	26051	181	101
MSM9VZOU	53407131	188	38850	181	101
ESM5MEB7	156101501	181	22567	180	101
HSMA33SI	175923106	182	22391	180	101
HSM7J4PI	144747359	180	20764	180	101
CSM7KOOV	68134179	185	21215	180	101
MSM79HDO	90850442	182	17710	180	101
HSM67VID	96770140	181	28392	179	101
PSM7J19H	66494448	183	22333	179	101
PSM7J186	65763262	180	31851	179	101
HSMA33RR	38603690	183	16662	179	101
MSM79HF3	142001732	183	27850	179	101
ESM718T7	139894362	180	22754	178	101
ESM718V8	165136097	180	17728	178	101
HSM7CZ18	121152488	180	23135	178	101
MSM6J2PO	129035138	181	26215	178	101
HSM6XRSE	63889945	181	14663	177	101
ESM718TM	82883657	180	21304	177	101
ESM718T9	118031308	179	13870	177	101
HSM6XRS2	64940478	179	18803	177	101
MSMA2684	125410796	181	12265	177	101
MSM9VZLR	186220181	179	36332	177	101
HSM7J4QD	25741583	175	8468	176	101
HSM67VDZ	27219389	178	6242	176	101
HSM7J4KC	93924857	177	20455	176	101
PSM7J15O	69513403	182	32357	176	101
HSM6XRUR	76344839	178	16855	176	101
HSM7J4HS	51854197	180	14469	176	101
HSMA33O1	77475974	176	18310	176	101
HSM7J4K8	61353719	180	18294	176	101
MSM6J2KC	139528432	176	48926	176	101
MSM6J2KM	116745372	177	23906	176	101
MSM6J2RA	178181703	177	24668	176	101
MSM79HEW	112268759	180	19383	176	101
CSM67U9H	61566023	176	26483	176	101
MSM79HF9	164858177	177	32696	176	101
MSM9VZLV	241996872	179	30925	176	101
HSM7J4G1	141446172	179	31001	175	101
MSM9VZNH_TR	145979620	177	20004	175	101
PSM7J15U	66196716	176	9949	174	101
HSM6XRR5	109946294	176	18977	174	101
MSM6J2R8	140758492	176	25200	174	101
MSM79HDQ_TR	127534858	176	17375	174	101
CSM79HR8	46672549	184	25128	174	101
MSM79H6Y	152312456	176	22579	174	101
PSM7J184	59195218	175	16302	173	101
HSM7CZ1E	83498000	175	17700	173	101
HSMA33OR	41321488	179	14507	173	101
MSM9VZHF	131510605	178	22548	173	101
MSMA26AN	94072201	178	23420	172	101
PSMA265D	65087134	171	17074	171	101
PSM6XBQY_TR	113122095	172	18166	171	101
PSM7J16U	86955445	171	20587	171	101
HSM6XRTQ	64233779	175	35728	171	101
HSM7J4PC	103543860	170	13181	171	101
HSMA33JZ	29607652	172	21327	170	101
HSMA33MG	31096576	176	13086	170	101
HSM7J4K6	70879543	174	17726	170	101
MSM6J2RS	122149778	170	24112	170	101
MSM9VZGS	154317876	174	22228	170	101
MSMA26ER	106546028	172	20960	170	101
HSMA33RD	104075245	172	22040	169	101
HSM7J4JZ	33042957	172	11583	169	101
CSMAIG7X	64144330	173	16851	169	101
MSM79HF9_TR	160760403	170	17616	169	101
PSM7J1BL	23353622	168	17456	168	101
MSM6J2R2	107130178	171	16751	168	101
MSM6J2HH	39246470	173	32600	168	101
ESM718V4	118452585	172	16458	167	101
ESM7F5C5	103193411	171	15718	167	101
PSM6XBUI	49675859	166	17193	167	101
HSMA33OT	33394306	170	10025	167	101
HSMA33ME	43167698	168	21800	166	101
MSM6J2KE	115393115	169	23327	166	101
CSM67U9N	46383417	162	4488	166	101
HSMA33LB	40715719	169	26134	164	101
HSMA33MZ	41624847	162	13706	163	101
HSMA33IS	72015925	161	10801	162	101
HSMA33O3	42730054	164	13352	162	101
PSM7J17D	14411543	171	12125	161	101
MSM9VZEK_TR	65930444	166	15671	160	101
PSM7J17X	73304770	161	23904	159	101
ESM718TK	92964678	162	22980	158	101
HSMA33MI	17721956	156	4391	157	101
MSM6J2PU	70343029	161	21247	157	101
PSM7J4EF	39617048	157	9865	156	101
ESM718TF	122985891	159	17256	156	101
HSMA33MK	27987158	158	7987	155	101
MSMA26EP	12311563	150	12953	154	101
HSM5MD7M	26321224	153	7568	151	101
HSM5MD75	36628029	154	11701	151	101
PSM6XBQY	61398036	152	25858	150	101
HSMA33OP	26268688	148	4405	148	101
CSM7KOK3	36906293	148	9956	147	101
MSM79H6F	98313313	145	32477	147	101
CSM79HJQ	11020215	146	11943	146	101
CSM7KONU	32004816	143	20995	141	101
HSM7J4LP	3402252	142	1805	138	101
PSM7J17B	18307243	153	23975	132	101
PSM7J16H	4548174	136	901	132	101
MSMA26EH	17949465	135	4032	130	101
CSM79HPO	17211251	140	26671	125	101
PSM7J179	43355204	140	21756	119	101
MSM9VZLZ	4657220	124	4634	107	101
HSM7J4K4	13135984	128	5086	104	101
PSM7J177	1851767	117	793	102	101
PSMA266C	172116	108	179	101	101
HSM6XRS8	3683603	120	2896	101	101
HSM5MD7O	6528009	127	7393	101	101
PSM6XBSU_TR	67884	108	202	101	101
HSM7J4QJ	654136	111	849	101	100
HSM7J4LH	115582	111	569	101	100
HSMA33MX	3325992	123	5336	101	101
HSMA33IO	1726802	120	710	101	101
PSM7J1AW	180703	110	239	101	101
PSM7J1BH	19815	110	178	101	101
PSM7J129	81315	108	179	101	101
PSM6XBTD	136614	109	206	101	101
HSM7J4KA	8954680	123	2744	101	101
HSM7J4PK	5083569	118	1643	101	100
HSM6XRR9	52697	109	210	101	100
HSMA33N4	5025490	125	13787	101	101
CSM7KOOR	153050	110	222	101	101
MSM5LLDU	3835369	116	5513	101	101
CSM79HPU	1769515	114	1229	101	101
MSM6J2HB	91878	110	273	101	100
